 4253.00 2688.00 2540.00 252.00 2532.36 281.09 -7.64 29.09 30.08
 3815.50 2860.00 1994.25 423.25 2003.09 439.57 8.84 16.32 18.56
 3048.50 2919.00 1061.00 421.00 1095.18 444.26 34.18 23.26 41.34
 3043.00 2754.00 1113.75 289.25 1105.24 260.90 -8.51 -28.35 29.60
 5037.00 2856.50 3478.00 525.75 3439.86 532.32 -38.14 6.57 38.70
 5030.00 2687.75 3420.25 386.50 3444.56 340.77 24.31 -45.73 51.79
 3985.75 3881.75 2103.00 1593.75 2112.35 1597.05 9.35 3.30 9.91
 3991.00 4047.50 2099.50 1786.00 2103.84 1783.12 4.34 -2.88 5.21
 4000.50 4469.50 2074.75 2232.00 2077.65 2256.57 2.90 24.57 24.74
 4190.25 4630.50 2287.25 2481.00 2290.49 2455.81 3.24 -25.19 25.39
 4127.00 2695.00 2384.00 248.25 2383.83 279.22 -0.17 30.97 30.97
 4018.50 5053.75 2049.00 2892.75 2047.38 2912.71 -1.62 19.96 20.03
 4203.00 5050.00 2258.75 2900.00 2269.49 2927.85 10.74 27.85 29.84
 3106.00 3919.00 1093.00 1558.75 1063.36 1558.22 -29.64 -0.53 29.64
 3113.25 4084.75 1039.75 1752.50 1055.51 1742.77 15.76 -9.73 18.52
 3091.75 4502.75 1021.25 2197.00 988.26 2204.41 -32.99 7.41 33.81
 3129.00 4670.25 999.50 2427.00 1016.18 2393.94 16.68 -33.06 37.03
 2171.25 2952.00 22.75 391.50 59.25 410.45 36.50 18.95 41.13
 2168.25 2783.75 120.00 259.00 74.33 225.40 -45.67 -33.60 56.70
 5040.00 3845.50 3336.50 1653.00 3367.73 1652.08 31.23 -0.92 31.25
 5078.75 4015.75 3428.25 1859.25 3400.81 1848.39 -27.44 -10.86 29.51
 5059.25 4432.25 3321.00 2305.25 3345.85 2318.14 24.85 12.89 27.99
 5098.50 4601.75 3411.00 2544.25 3379.89 2513.96 -31.11 -30.29 43.42
